1 0.00151971
1.05 0.0357232
1.1 0.0088603
1.15 0.027967
1.2 0.0195938
1.25 0.0262142
1.3 0.0193646
1.35 0.115333
1.4 0.0312791
1.45 0.080351
1.5 0.0728302
1.55 0.0234164
1.6 0.181028
1.65 0.13626
1.7 0.209846
1.75 0.346098
1.8 0.328428
1.85 0.23002
1.9 0.526051
1.95 0.266182
2 0.633624
2.05 1.03174
2.1 0.551243
2.15 1.12266
2.2 0.843316
2.25 0.789144
2.3 0.864781
2.35 0.766827
2.4 1.16725
2.45 1.33964
2.5 0.506662
2.55 0.850551
2.6 0.991962
2.65 0.968529
2.7 1.02849
2.75 1.05584
2.8 0.612774
2.85 1.02709
2.9 0.796793
2.95 0.704736
3 0.465437
3.05 0.733325
3.1 0.602323
3.15 0.922092
3.2 0.372483
3.25 0.712087
3.3 0.419551
3.35 0.564402
3.4 0.570896
3.45 0.868685
3.5 0.429834
3.55 0.32737
3.6 0.627663
3.65 0.446356
3.7 0.647457
3.75 0.395418
3.8 0.66408
3.85 0.463523
3.9 0.632505
3.95 0.464368
4 0.500785
