1 0.00550933
1.05 0.00565928
1.1 0.00304252
1.15 0.0159204
1.2 0.0199357
1.25 0.0237893
1.3 0.0201035
1.35 0.0396825
1.4 0.0646544
1.45 0.0803518
1.5 0.0482476
1.55 0.0747422
1.6 0.272878
1.65 0.143408
1.7 0.277882
1.75 0.345874
1.8 0.224351
1.85 0.227871
1.9 0.718982
1.95 0.44496
2 0.286752
2.05 1.01934
2.1 0.785325
2.15 0.456934
2.2 1.22565
2.25 1.11834
2.3 1.25266
2.35 1.93598
2.4 2.17533
2.45 2.56724
2.5 2.22506
2.55 1.30995
2.6 2.09126
2.65 1.96153
2.7 2.10939
2.75 1.15716
2.8 1.42319
2.85 0.46773
2.9 0.422702
2.95 0.970947
3 0.647541
3.05 0.765895
3.1 0.210052
3.15 0.591594
3.2 0.867087
3.25 0.291336
3.3 0.444569
3.35 0.258415
3.4 0.399862
3.45 0.421803
3.5 0.308041
3.55 0.260261
3.6 0.335793
3.65 0.307592
3.7 0.286608
3.75 0.295609
3.8 0.38267
3.85 0.295628
3.9 0.171248
3.95 0.118313
4 0.219779
