1 0.9984
1.05 -0.9992
1.1 0.9984
1.15 0.9984
1.2 -0.9976
1.25 -0.9984
1.3 0.9936
1.35 -0.9976
1.4 -0.988
1.45 0.988
1.5 -0.9872
1.55 0.9872
1.6 0.9808
1.65 -0.9712
1.7 0.9672
1.75 -0.9664
1.8 -0.9568
1.85 0.9584
1.9 0.9344
1.95 -0.936
2 -0.9088
2.05 0.9056
2.1 0.8584
2.15 0.8096
2.2 -0.8072
2.25 0.604
2.3 0.6728
2.35 0.5016
2.4 -0.2152
2.45 -0.3368
2.5 0.132
2.55 0.0728
2.6 0.0112
2.65 0.1368
2.7 0.0656
2.75 0.0192
2.8 -0.0408
2.85 -0.0496
2.9 0.0944
2.95 0.0752
3 -0.0984
3.05 0.0424
3.1 0.0704
3.15 0.1424
3.2 -0.0592
3.25 -0.0592
3.3 0.004
3.35 0.0176
3.4 -0.076
3.45 -0.0216
3.5 0.044
3.55 0.0576
3.6 0
3.65 0.0624
3.7 -0.0568
3.75 -0.012
3.8 0.0368
3.85 -0.0816
3.9 -0.0688
3.95 -0.0112
4 0.0232
