1 -1
1.05 0.9984
1.1 0.9976
1.15 -0.9984
1.2 -0.9976
1.25 0.9976
1.3 0.9944
1.35 0.9952
1.4 0.9928
1.45 -0.988
1.5 0.9912
1.55 -0.9848
1.6 0.9736
1.65 0.9688
1.7 -0.9672
1.75 0.9552
1.8 -0.9544
1.85 0.9336
1.9 -0.9448
1.95 0.9128
2 -0.9232
2.05 0.8848
2.1 0.8888
2.15 0.8344
2.2 -0.868
2.25 0.66
2.3 0.2704
2.35 0.0904
2.4 0.3776
2.45 0.1336
2.5 0.0248
2.55 0.0456
2.6 0.12
2.65 0
2.7 -0.2024
2.75 0.0112
2.8 0.0968
2.85 -0.1216
2.9 -0.0488
2.95 0.0056
3 -0.048
3.05 0.1744
3.1 -0.028
3.15 0.0384
3.2 -0.0888
3.25 0.064
3.3 -0.0416
3.35 -0.0016
3.4 -0.0104
3.45 -0.1128
3.5 0.068
3.55 0.0608
3.6 0.024
3.65 0.0488
3.7 0.0224
3.75 0.0288
3.8 0.0296
3.85 -0.0432
3.9 0.0264
3.95 -0.0032
4 0.0472
